alfjsadfjkldsjfkasdjlkjs
fsdlkfjdslkjflkas
'kfjdlkfjsdljfldks
ljflksadjflkasdjfkldas
';lfkdlksjflkdasjfasd
lfkjsaldjfasldkjf
d卡龙卷风              
发打撒发的萨芬打撒
发生大发达是阿范德萨
312
3
213
21
321
3
21
312
3
213
12:wq
:wq

12321
321
312
3
213
21
321
3
21
312
3
213
12:wq
:wq

12321
321
312
3
213
21
321
3
21
312
3
213
12:wq
:wq

12321
321
312
3
213
21
321
3
21
312
3
213
12:wq
:wq

12321
321
312
3
213
21
321
3
21
312
3
213
12:wq
:wq

12321
321
312
3
213
21
321
3
21
312
3
213
12:wq
:wq

12321
321
312
3
213
21
321
3
21
312
3
213
12:wq
:wq

12321
321
312
3
213
21
321
3
21
312
3
213
12:wq
:wq

12321
321
312
3
213
21
321
3
21
312
3
213
12:wq
:wq

12321
321
312
3
213
21
321
3
21
312
3
213
12:wq
:wq

12321
321
312
3
213
21
321
3
21
312
3
213
12:wq
:wq

12321
321
312
3
213
21
321
3
21
312
3
213
12:wq
:wq

12321
321
312
3
213
21
321
3
21
312
3
213
12:wq
:wq

12321
321
312
3
213
21
321
3
21
312
3
213
12:wq
:wq

12321
321
312
3
213
21
321
3
21
312
3
213
12:wq
:wq

12321
321
312
3
213
21
321
3
21
312
3
213
12:wq
:wq

12321
321
312
3
213
21
321
3
21
312
3
213
12:wq
:wq

12321
321
312
3
213
21
321
3
21
312
3
213
12:wq
:wq

12321
321
312
3
213
21
321
3
21
312
3
213
12:wq
:wq

12321
321
312
3
213
21
321
3
21
312
3
213
12:wq
:wq

12321
321
312
3
213
21
321
3
21
312
3
213
12:wq
:wq

